Result 2

                                                Bounding Box                         Text  Confidence Bounding Box Top Left Bounding Box Bottom Right
0                 [[22, 15], [157, 15], [157, 69], [22, 69]]                        12.59    0.997853              [22, 15]                 [157, 69]
1               [[246, 12], [319, 12], [319, 75], [246, 75]]                            0    0.967415             [246, 12]                 [319, 75]
2           [[161, 404], [504, 404], [504, 496], [161, 496]]                     T-Shirts    0.841254            [161, 404]                [504, 496]
3           [[162, 513], [732, 513], [732, 586], [162, 586]]     T-Shirts for every taste    0.998042            [162, 513]                [732, 586]
4         [[163, 909], [648, 909], [648, 1001], [163, 1001]]                  Sweatshirts    0.999932            [163, 909]               [648, 1001]
5       [[162, 1017], [839, 1017], [839, 1092], [162, 1092]]  Sweatshirts for every taste    0.665850           [162, 1017]               [839, 1092]
6       [[158, 1408], [595, 1408], [595, 1532], [158, 1532]]                    Tank Tops    0.762110           [158, 1408]               [595, 1532]
7       [[162, 1522], [800, 1522], [800, 1602], [162, 1602]]    Tank Tops for every taste    0.970874           [162, 1522]               [800, 1602]
8       [[158, 1919], [521, 1919], [521, 2016], [158, 2016]]                      Bottoms    0.993948           [158, 1919]               [521, 2016]
9       [[164, 2026], [756, 2026], [756, 2098], [164, 2098]]      Bottoms for every taste    0.853670           [164, 2026]               [756, 2098]
10      [[166, 2425], [657, 2425], [657, 2512], [166, 2512]]                  Accessories    0.905456           [166, 2425]               [657, 2512]
11      [[165, 2532], [850, 2532], [850, 2600], [165, 2600]]  Accessories for every taste    0.848232           [165, 2532]               [850, 2600]
12  [[1247, 2783], [1314, 2783], [1314, 2828], [1247, 2828]]                           aX    0.904134          [1247, 2783]              [1314, 2828]
13      [[489, 2802], [593, 2802], [593, 2903], [489, 2903]]                           98    0.452013           [489, 2802]               [593, 2903]
14      [[496, 2853], [544, 2853], [544, 2898], [496, 2898]]                            0    0.999956           [496, 2853]               [544, 2898]
15      [[447, 2934], [629, 2934], [629, 2999], [447, 2999]]                      Catalog    0.770762           [447, 2934]               [629, 2999]

Processing time for image 2: 0.702 seconds