Result 1

                                       Bounding Box                         Text  Confidence Bounding Box Top Left Bounding Box Bottom Right
0            [[6, 12], [60, 12], [60, 36], [6, 36]]                        12.45    0.962154               [6, 12]                  [60, 36]
1    [[132, 87], [427, 87], [427, 129], [132, 129]]                CHIC BOUTIQUE    0.712167             [132, 87]                [427, 129]
2    [[60, 178], [134, 178], [134, 202], [60, 202]]                       Search    0.996772             [60, 178]                [134, 202]
3  [[140, 597], [420, 597], [420, 625], [140, 625]]  Winter 2022 best collection    0.802509            [140, 597]                [420, 625]
4  [[177, 635], [383, 635], [383, 655], [177, 655]]   Limited number of products    0.772935            [177, 635]                [383, 655]
5  [[246, 666], [314, 666], [314, 692], [246, 692]]                        Check    0.570287            [246, 666]                [314, 692]
6    [[16, 772], [105, 772], [105, 810], [16, 810]]                         Most    0.999988             [16, 772]                [105, 810]
7    [[98, 767], [241, 767], [241, 823], [98, 823]]                      popular    0.817743             [98, 767]                [241, 823]
8  [[424, 780], [516, 780], [516, 804], [424, 804]]                     56 Items    0.929069            [424, 780]                [516, 804]
9  [[38, 1158], [98, 1158], [98, 1182], [38, 1182]]                         Home    0.999978            [38, 1158]                [98, 1182]

Processing time for image 1: 0.494 seconds