Result 9 - screen4.png

                                                Bounding Box             Text  Confidence Bounding Box Top Left Bounding Box Bottom Right
0                 [[22, 17], [130, 17], [130, 69], [22, 69]]             4.16    0.895573              [22, 17]                 [130, 69]
1               [[209, 12], [278, 12], [278, 73], [209, 73]]                0    0.886969             [209, 12]                 [278, 73]
2           [[399, 177], [655, 177], [655, 239], [399, 239]]         Customer    0.671309            [399, 177]                [655, 239]
3           [[398, 253], [893, 253], [893, 326], [398, 326]]   James Anderson    0.560744            [398, 253]                [893, 326]
4       [[1246, 203], [1356, 203], [1356, 313], [1246, 313]]                G    0.812641           [1246, 203]               [1356, 313]
5       [[1041, 556], [1305, 556], [1305, 613], [1041, 613]]         45% SALE    0.963714           [1041, 556]               [1305, 613]
6           [[164, 880], [440, 880], [440, 935], [164, 935]]    Promo for you    0.998521            [164, 880]                [440, 935]
7         [[163, 955], [477, 955], [477, 1023], [163, 1023]]         XT4FH33D    0.762906            [163, 955]               [477, 1023]
8       [[219, 1184], [455, 1184], [455, 1248], [219, 1248]]       My details    0.954048           [219, 1184]               [455, 1248]
9       [[219, 1325], [451, 1325], [451, 1387], [219, 1387]]        My orders    0.995852           [219, 1325]               [451, 1387]
10      [[218, 1464], [629, 1464], [629, 1530], [218, 1530]]  Payment methods    0.741949           [218, 1464]               [629, 1530]
11      [[220, 1604], [532, 1604], [532, 1659], [220, 1659]]     Address book    0.579630           [220, 1604]               [532, 1659]
12      [[219, 1842], [473, 1842], [473, 1906], [219, 1906]]       Need help?    0.999299           [219, 1842]               [473, 1906]
13      [[220, 1987], [396, 1987], [396, 2044], [220, 2044]]          Log out    0.987363           [220, 1987]               [396, 2044]
14      [[489, 2846], [593, 2846], [593, 2947], [489, 2947]]               98    0.198493           [489, 2846]               [593, 2947]
15  [[1203, 2946], [1321, 2946], [1321, 2988], [1203, 2988]]             Menu    0.547669          [1203, 2946]              [1321, 2988]

Processing time for image 9: 0.568 seconds