Result 2 - screen1-collection.png

                                               Bounding Box         Text  Confidence Bounding Box Top Left Bounding Box Bottom Right
0                [[22, 17], [130, 17], [130, 69], [22, 69]]         4.15    0.993196              [22, 17]                 [130, 69]
1            [[49, 107], [484, 107], [484, 207], [49, 207]]   Collection    0.999984             [49, 107]                [484, 207]
2          [[168, 624], [699, 624], [699, 711], [168, 711]]  Winter 2022    0.846596            [168, 624]                [699, 711]
3      [[159, 1234], [672, 1234], [672, 1347], [159, 1347]]  Spring 2022    0.972335           [159, 1234]               [672, 1347]
4      [[163, 1838], [762, 1838], [762, 1930], [163, 1930]]  Summer 2022    0.691556           [163, 1838]               [762, 1930]
5        [[46, 2174], [699, 2174], [699, 2283], [46, 2283]]  Recommended    0.999527            [46, 2174]               [699, 2283]
6  [[1092, 2206], [1320, 2206], [1320, 2261], [1092, 2261]]     13 Items    0.928397          [1092, 2206]              [1320, 2261]
7      [[116, 2942], [246, 2942], [246, 2993], [116, 2993]]         Home    0.999982           [116, 2942]               [246, 2993]

Processing time for image 2: 0.586 seconds