Result 1 - home-screen.png

                                               Bounding Box                                                Text  Confidence Bounding Box Top Left Bounding Box Bottom Right
0                [[22, 17], [130, 17], [130, 69], [22, 69]]                                                4.13    0.987552              [22, 17]                 [130, 69]
1              [[209, 14], [280, 14], [280, 78], [209, 78]]                                                   0    0.975551             [209, 14]                 [280, 78]
2          [[573, 139], [898, 139], [898, 243], [573, 243]]                                                  Cd    0.098408            [573, 139]                [898, 243]
3          [[464, 245], [976, 245], [976, 325], [464, 325]]                                       CHIC BOUTIQUE    0.950408            [464, 245]                [976, 325]
4          [[573, 293], [908, 293], [908, 401], [573, 401]]                                                  CD    0.126217            [573, 293]                [908, 401]
5          [[49, 537], [1341, 537], [1341, 612], [49, 612]]  Lorem ipsum dolor sit amet; consectetur adipiscing    0.670364             [49, 537]               [1341, 612]
6          [[47, 620], [1029, 620], [1029, 694], [47, 694]]             elit; sed do eiusmod tempor incididunt:    0.762642             [47, 620]               [1029, 694]
7  [[1151, 2816], [1333, 2816], [1333, 2883], [1151, 2883]]                                              Next >    0.999764          [1151, 2816]              [1333, 2883]

Processing time for image 1: 0.894 seconds