Result 3 - screen1-most-pop.png

                                                                                                                                                          Bounding Box            Text  Confidence                    Bounding Box Top Left                Bounding Box Bottom Right
0                                                                                                                           [[22, 17], [130, 17], [130, 69], [22, 69]]            4.14    0.890120                                 [22, 17]                                [130, 69]
1                                                                                                                       [[50, 128], [271, 128], [271, 220], [50, 220]]            Most    0.999996                                [50, 128]                               [271, 220]
2                                                                                                                     [[261, 113], [626, 113], [626, 257], [261, 257]]         popular    0.639168                               [261, 113]                               [626, 257]
3                                                                                                                 [[1092, 149], [1317, 149], [1317, 206], [1092, 206]]        56 Items    0.997146                              [1092, 149]                              [1317, 206]
4                                                                                                                   [[78, 1090], [427, 1090], [427, 1170], [78, 1170]]  Explorinc Life    0.964570                               [78, 1090]                              [427, 1170]
5                                                                                                               [[741, 1095], [1090, 1095], [1090, 1175], [741, 1175]]  Explorinc Life    0.999961                              [741, 1095]                             [1090, 1175]
6                                                                                                                   [[80, 1189], [307, 1189], [307, 1255], [80, 1255]]         S 46.00    0.763864                               [80, 1189]                              [307, 1255]
7                                                                                                                 [[743, 1191], [970, 1191], [970, 1260], [743, 1260]]         S 92.00    0.717452                              [743, 1191]                              [970, 1260]
8                                                                                                               [[875, 1599], [1001, 1599], [1001, 1712], [875, 1712]]             {0,    0.056814                              [875, 1599]                             [1001, 1712]
9                                                                                                                   [[78, 2075], [427, 2075], [427, 2154], [78, 2154]]  Explorinc Life    0.772631                               [78, 2075]                              [427, 2154]
10                                                                                                              [[741, 2077], [1093, 2077], [1093, 2157], [741, 2157]]  Explorinc Life    0.997882                              [741, 2077]                             [1093, 2157]
11                                                                                                                  [[80, 2171], [307, 2171], [307, 2237], [80, 2237]]         S 93.00    0.782713                               [80, 2171]                              [307, 2237]
12                                                                                                              [[743, 2174], [1006, 2174], [1006, 2242], [743, 2242]]        S 104.00    0.954327                              [743, 2174]                             [1006, 2242]
13                                                                                                                [[116, 2942], [246, 2942], [246, 2993], [116, 2993]]            Home    0.999982                              [116, 2942]                              [246, 2993]
14  [[261.60350883972694, 806.0263162979521], [288.3260179013625, 809.3089636707643], [278.39649116027306, 886.9736837020479], [251.6739820986375, 883.6910363292357]]               @    0.882778  [261.60350883972694, 806.0263162979521]  [278.39649116027306, 886.9736837020479]
15   [[992.9308939388299, 1592.057313631117], [1189.718848546311, 1622.645433599605], [1173.0691060611703, 1704.942686368883], [976.2811514536891, 1674.354566400395]]           VII F    0.290206   [992.9308939388299, 1592.057313631117]  [1173.0691060611703, 1704.942686368883]

Processing time for image 3: 0.594 seconds