Result 5 - screen1-upper.png

                                               Bounding Box                         Text  Confidence Bounding Box Top Left Bounding Box Bottom Right
0                [[22, 17], [130, 17], [130, 69], [22, 69]]                         4.14    0.890120              [22, 17]                 [130, 69]
1        [[350, 206], [1090, 206], [1090, 311], [350, 311]]                CHIC BOUTIQUE    0.573219            [350, 206]               [1090, 311]
2          [[163, 436], [353, 436], [353, 497], [163, 497]]                       Search    0.999996            [163, 436]                [353, 497]
3    [[370, 1508], [1072, 1508], [1072, 1572], [370, 1572]]  Winter 2022 best collection    0.744057           [370, 1508]              [1072, 1572]
4      [[455, 1591], [988, 1591], [988, 1651], [455, 1651]]   Limited number of products    0.977787           [455, 1591]               [988, 1651]
5      [[637, 1685], [803, 1685], [803, 1741], [637, 1741]]                        Check    0.999922           [637, 1685]               [803, 1741]
6        [[47, 1934], [626, 1934], [626, 2078], [47, 2078]]                 Most popular    0.999962            [47, 1934]               [626, 2078]
7  [[1092, 1970], [1320, 1970], [1320, 2027], [1092, 2027]]                     56 Items    0.997340          [1092, 1970]              [1320, 2027]
8      [[264, 2638], [281, 2638], [281, 2665], [264, 2665]]                            I    0.145406           [264, 2638]               [281, 2665]
9      [[116, 2941], [246, 2941], [246, 2993], [116, 2993]]                         Home    0.999955           [116, 2941]               [246, 2993]

Processing time for image 5: 0.589 seconds